3534
4978
271
2820
2351
3485
724
3048
3001
3413
4650
4966
3392
1789
1186
3437
225
1794
2487
2317
1438
2288
3533
3046
4063
93
4378
4512
2435
3599
3044
3534
3269
2017
4750
4046
111
1820
1320
1558
2279
2559
878
4306
1251
1925
4535
2309
1365
2570
1052
423
3885
4753
1659
1999
4986
1895
1586
3774
2133
3533
403
4048
910
2706
772
2124
1880
3924
195
3302
2388
39
1885
4869
413
467
3231
2174
2918
1953
882
3335
2147
661
611
1537
871
2114
781
646
4229
4903
3206
3926
3445
1705
4800
4940
1426
1811
1897
4276
2277
3016
174
1772
4553
1950
1508
2129
4661
2166
1610
2126
2936
3344
2990
2235
86
3166
4087
4327
1064
2989
4168
3267
4900
2750
1616
4809
121
4314
3704
228
3189
1550
4758
2620
3472
638
4956
2526
1252
869
2976
4677
3719
3509
637
4922
1989
3665
4471
4887
428
4460
544
3055
3478
2459
150
4239
300
1737
264
3339
4410
4921
4402
4125
1690
4421
4248
2008
1997
1879
933
4632
3753
3308
3952
2275
3640
546
1078
610
525
2231
1500
4030
1914
439
165
3586
3426
91
1542
685
153
1764
319
2939
3876
4391
1750
4454
979
3706
3833
742
521
2106
2194
747
4757
3717
230
2457
1611
2378
4161
2477
3414
3629
48
1568
2651
3549
1133
4233
4851
3169
606
2974
2231
3968
2052
3003
3491
870
290
977
3609
1386
1924
4094
3405
2133
1040
3893
4586
2748
587
4186
2295
3170
1955
2456
1646
841
374
3995
394
2933
3794
4834
3262
201
202
125
4252
2416
2419
4950
2709
965
1650
2262
2834
2223
3696
4106
4485
3854
2092
2616
4696
588
2906
826
1678
3917
1237
1232
3543
3687
4653
4552
264
2188
68
312
4371
3275
1153
1411
1404
4877
2929
3440
3040
2250
4329
3683
696
237
2745
3372
1220
1356
1990
369
3084
709
479
3321
3290
4362
135
4569
3029
4051
1743
4211
3225
2350
291
1758
3057
1163
982
2356
4441
2344
3088
1495
881
698
4454
3713
1512
1077
3232
2160
1132
3065
3241
403
3728
2936
4403
2996
3547
2627
2704
222
1362
1464
4873
4544
2982
3003
3393
577
1867
1122
3494
1839
4882
1388
2796
3831
3642
3272
1359
565
3377
2081
3967
1406
1860
4109
979
4273
3023
939
2783
2295
1194
1071
3656
2044
3273
2772
1249
2050
4423
3617
1404
1290
4096
200
539
318
2498
3505
938
4214
3325
1881
1613
4196
241
154
4818
747
2503
3364
3409
1328
4628
225
719
4601
4186
1060
2223
795
3699
1558
4612
3606
4049
2451
2312
2314
4204
3916
2137
3487
1678
3150
1941
1369
2916
4893
1205
891
4313
977
4119
3745
121
4492
3491
2854
534
1805
253
3982
1399
3265
2532
324
1318
362
2732
1512
1060
3369
4450
4820
2961
2524
799
4589
4140
4529
4234
4948
3750
1455
3367
3178
4808
813
2084
666
2323
4830
3000
441
3559
3636
69
2599
1257
1814
881
3498
4394
3061
4156
1918
2464
799
4415
1158
3540
4156
3302
4901
616
360
1038
3253
4886
968
3100
1662
2164
3952
3159
3748
1349
1338
3233
1103
3011
2966
1616
730
4925
4187
1683
3595
4982
3520
1226
418
2528
3519
828
4656
1736
4596
2521
3270
4016
580
3173
3876
2756
1730
524
1170
4408
3217
656
2060
4104
3458
3350
3967
4855
1889
364
2858
4764
3569
3293
33
1093
3243
2286
4031
2488
3367
790
1531
3328
2174
2248
465
4256
764
319
2571
2332
264
399
977
931
3331
316
4454
1322
3436
73
3840
2936
4554
4748
625
1960
3671
856
4752
2546
4765
2864
2001
434
612
4321
4595
4448
1675
845
388
4874
4292
4711
1905
3800
2243
4856
3943
3477
2446
2523
672
2007
4494
4742
3956
735
1209
3444
1402
3773
3929
4939
3445
4689
1502
4852
476
12
4839
3805
3040
372
2652
3887
4557
4545
1354
1867
2199
1859
4809
3402
654
1207
1166
4155
2200
3029
4734
4414
2938
3683
3592
4070
4234
4899
2332
2251
637
466
1762
1917
1225
1006
4991
3268
3654
2688
3439
3198
3582
4213
2481
1404
3746
2810
954
24
3579
2465
2016
4386
4530
4773
4213
1039
4340
708
1091
4078
3601
4439
3619
2518
3316
1285
65
4323
109
2119
4622
3564
3126
2916
4063
1692
1208
379
3082
2124
4532
1002
2366
2879
497
3865
3580
4983
3236
2615
3828
3938
2043
226
4263
3975
3203
3553
1118
418
4253
4659
4690
4409
3900
206
2844
4615
4861
2784
915
668
4280
2429
1952
1352
571
871
630
3652
2124
1869
4106
3417
462
771
1670
3107
3867
3851
2480
1331
4331
1152
2337
515
2599
1281
1424
4707
540
1709
1370
517
1559
2725
2628
1642
1397
3299
620
4433
863
4083
1840
1812
2225
921
3269
1654
2241
4526
2451
2984
3800
3936
1220
4260
1493
3561
4861
3217
618
3833
4917
1705
2948
3794
1620
51
945
1008
621
962
3543
1113
4283
4312
2651
2973
722
4868
3752
1536
1137
770
4866
3075
3347
1601
3788
833
4344
183
3664
4863
4680
3701
3013
2427
1645
203
902
3053
3107
4211
164
4844
517
31
1634
419
1578
4205
3483
3644
1957
3679
4798
1812
981
2910
2634
44
393
4801
4124
2911
3436
2055
1739
913
716
1514
302
1492
3464
1664
318
1838
4181
2100
1333
2830
4465
1025
4319
3911
691
2457
2590
4970
4763
2301
2315
2946
490
213
428
4230
947
2944
689
4693
4782
3407
3844
92
4203
2414
4654
2344
3496
4348
2169
1200
1714
2778
1426
1616
878
4690
4506
3523
1380
2750
2568
2727
4086
1561
4196
3546
141
3095
1536
3363
4571
1006
1412
4134
4168
4778
2413
3907
2043
2246
2915
2568
1991
4019
3144
531
4476
2396
1600
1411
4441
2399
3391
2608
3735
3212
4181
2548
843
92
4988
1132